1111101111111111000111111100101111110101111111110011011111111111000100111111010
0111100110111111100101111010010111111000111111111110001101111110101110011011111
1111110001101111010011111100101111110010110111111101001111001101111111111100010
11101100011111110111111111001110111111111110001111110111111101011111111110001111
11011111110011111111111000111101111111011111111010011111111110001001111110100110
01111111111000111011111111110101111101111111010111110111111010011110011111111110
00100111111010011001111111111000111111011111111110001110011111011111110011111110
01011111011111100011101111111111100011111111010111101110111111111110001111111110
11111110101111111100011001111111111000111111111110001111111111100011111111010111
1010011111110101111111111000100111111011011111101101101001111111000111111100111
11111111000111111011111101001111111111000111111110101111011101111111111100011111
11011011110111111110000011111110011101